d = 100
t = 9.58
hundred = 0.1/(9.58/3600)

d1  = 42.195 * 1000
t = 121*60 + 39

marathon = ( d1*18/t)/5